************************************************************************************************************************************************
2304  2303  2302  2301  2300  2299  2298  2297  2296  2295  2294  2293  13  14  15  16  17  18  19  20  21  22  23  24  25  26  27  28  29  30  31  32  33  34  35  36  2268  2267  2266  2265  2264  2263  2262  2261  2260  2259  2258  2257  
2256  2255  2254  2253  2252  2251  2250  2249  2248  2247  2246  2245  61  62  63  64  65  66  67  68  69  70  71  72  73  74  75  76  77  78  79  80  81  82  83  84  2220  2219  2218  2217  2216  2215  2214  2213  2212  2211  2210  2209  
2208  2207  2206  2205  2204  2203  2202  2201  2200  2199  2198  2197  109  110  111  112  113  114  115  116  117  118  119  120  121  122  123  124  125  126  127  128  129  130  131  132  2172  2171  2170  2169  2168  2167  2166  2165  2164  2163  2162  2161  
2160  2159  2158  2157  2156  2155  2154  2153  2152  2151  2150  2149  157  158  159  160  161  162  163  164  165  166  167  168  169  170  171  172  173  174  175  176  177  178  179  180  2124  2123  2122  2121  2120  2119  2118  2117  2116  2115  2114  2113  
2112  2111  2110  2109  2108  2107  2106  2105  2104  2103  2102  2101  205  206  207  208  209  210  211  212  213  214  215  216  217  218  219  220  221  222  223  224  225  226  227  228  2076  2075  2074  2073  2072  2071  2070  2069  2068  2067  2066  2065  
2064  2063  2062  2061  2060  2059  2058  2057  2056  2055  2054  2053  253  254  255  256  257  258  259  260  261  262  263  264  265  266  267  268  269  270  271  272  273  274  275  276  2028  2027  2026  2025  2024  2023  2022  2021  2020  2019  2018  2017  
2016  2015  2014  2013  2012  2011  2010  2009  2008  2007  2006  2005  301  302  303  304  305  306  307  308  309  310  311  312  313  314  315  316  317  318  319  320  321  322  323  324  1980  1979  1978  1977  1976  1975  1974  1973  1972  1971  1970  1969  
1968  1967  1966  1965  1964  1963  1962  1961  1960  1959  1958  1957  349  350  351  352  353  354  355  356  357  358  359  360  361  362  363  364  365  366  367  368  369  370  371  372  1932  1931  1930  1929  1928  1927  1926  1925  1924  1923  1922  1921  
1920  1919  1918  1917  1916  1915  1914  1913  1912  1911  1910  1909  397  398  399  400  401  402  403  404  405  406  407  408  409  410  411  412  413  414  415  416  417  418  419  420  1884  1883  1882  1881  1880  1879  1878  1877  1876  1875  1874  1873  
1872  1871  1870  1869  1868  1867  1866  1865  1864  1863  1862  1861  445  446  447  448  449  450  451  452  453  454  455  456  457  458  459  460  461  462  463  464  465  466  467  468  1836  1835  1834  1833  1832  1831  1830  1829  1828  1827  1826  1825  
1824  1823  1822  1821  1820  1819  1818  1817  1816  1815  1814  1813  493  494  495  496  497  498  499  500  501  502  503  504  505  506  507  508  509  510  511  512  513  514  515  516  1788  1787  1786  1785  1784  1783  1782  1781  1780  1779  1778  1777  
1776  1775  1774  1773  1772  1771  1770  1769  1768  1767  1766  1765  541  542  543  544  545  546  547  548  549  550  551  552  553  554  555  556  557  558  559  560  561  562  563  564  1740  1739  1738  1737  1736  1735  1734  1733  1732  1731  1730  1729  
577  578  579  580  581  582  583  584  585  586  587  588  1716  1715  1714  1713  1712  1711  1710  1709  1708  1707  1706  1705  1704  1703  1702  1701  1700  1699  1698  1697  1696  1695  1694  1693  613  614  615  616  617  618  619  620  621  622  623  624  
625  626  627  628  629  630  631  632  633  634  635  636  1668  1667  1666  1665  1664  1663  1662  1661  1660  1659  1658  1657  1656  1655  1654  1653  1652  1651  1650  1649  1648  1647  1646  1645  661  662  663  664  665  666  667  668  669  670  671  672  
673  674  675  676  677  678  679  680  681  682  683  684  1620  1619  1618  1617  1616  1615  1614  1613  1612  1611  1610  1609  1608  1607  1606  1605  1604  1603  1602  1601  1600  1599  1598  1597  709  710  711  712  713  714  715  716  717  718  719  720  
721  722  723  724  725  726  727  728  729  730  731  732  1572  1571  1570  1569  1568  1567  1566  1565  1564  1563  1562  1561  1560  1559  1558  1557  1556  1555  1554  1553  1552  1551  1550  1549  757  758  759  760  761  762  763  764  765  766  767  768  
769  770  771  772  773  774  775  776  777  778  779  780  1524  1523  1522  1521  1520  1519  1518  1517  1516  1515  1514  1513  1512  1511  1510  1509  1508  1507  1506  1505  1504  1503  1502  1501  805  806  807  808  809  810  811  812  813  814  815  816  
817  818  819  820  821  822  823  824  825  826  827  828  1476  1475  1474  1473  1472  1471  1470  1469  1468  1467  1466  1465  1464  1463  1462  1461  1460  1459  1458  1457  1456  1455  1454  1453  853  854  855  856  857  858  859  860  861  862  863  864  
865  866  867  868  869  870  871  872  873  874  875  876  1428  1427  1426  1425  1424  1423  1422  1421  1420  1419  1418  1417  1416  1415  1414  1413  1412  1411  1410  1409  1408  1407  1406  1405  901  902  903  904  905  906  907  908  909  910  911  912  
913  914  915  916  917  918  919  920  921  922  923  924  1380  1379  1378  1377  1376  1375  1374  1373  1372  1371  1370  1369  1368  1367  1366  1365  1364  1363  1362  1361  1360  1359  1358  1357  949  950  951  952  953  954  955  956  957  958  959  960  
961  962  963  964  965  966  967  968  969  970  971  972  1332  1331  1330  1329  1328  1327  1326  1325  1324  1323  1322  1321  1320  1319  1318  1317  1316  1315  1314  1313  1312  1311  1310  1309  997  998  999  1000  1001  1002  1003  1004  1005  1006  1007  1008  
1009  1010  1011  1012  1013  1014  1015  1016  1017  1018  1019  1020  1284  1283  1282  1281  1280  1279  1278  1277  1276  1275  1274  1273  1272  1271  1270  1269  1268  1267  1266  1265  1264  1263  1262  1261  1045  1046  1047  1048  1049  1050  1051  1052  1053  1054  1055  1056  
1057  1058  1059  1060  1061  1062  1063  1064  1065  1066  1067  1068  1236  1235  1234  1233  1232  1231  1230  1229  1228  1227  1226  1225  1224  1223  1222  1221  1220  1219  1218  1217  1216  1215  1214  1213  1093  1094  1095  1096  1097  1098  1099  1100  1101  1102  1103  1104  
1105  1106  1107  1108  1109  1110  1111  1112  1113  1114  1115  1116  1188  1187  1186  1185  1184  1183  1182  1181  1180  1179  1178  1177  1176  1175  1174  1173  1172  1171  1170  1169  1168  1167  1166  1165  1141  1142  1143  1144  1145  1146  1147  1148  1149  1150  1151  1152  
1153  1154  1155  1156  1157  1158  1159  1160  1161  1162  1163  1164  1140  1139  1138  1137  1136  1135  1134  1133  1132  1131  1130  1129  1128  1127  1126  1125  1124  1123  1122  1121  1120  1119  1118  1117  1189  1190  1191  1192  1193  1194  1195  1196  1197  1198  1199  1200  
1201  1202  1203  1204  1205  1206  1207  1208  1209  1210  1211  1212  1092  1091  1090  1089  1088  1087  1086  1085  1084  1083  1082  1081  1080  1079  1078  1077  1076  1075  1074  1073  1072  1071  1070  1069  1237  1238  1239  1240  1241  1242  1243  1244  1245  1246  1247  1248  
1249  1250  1251  1252  1253  1254  1255  1256  1257  1258  1259  1260  1044  1043  1042  1041  1040  1039  1038  1037  1036  1035  1034  1033  1032  1031  1030  1029  1028  1027  1026  1025  1024  1023  1022  1021  1285  1286  1287  1288  1289  1290  1291  1292  1293  1294  1295  1296  
1297  1298  1299  1300  1301  1302  1303  1304  1305  1306  1307  1308  996  995  994  993  992  991  990  989  988  987  986  985  984  983  982  981  980  979  978  977  976  975  974  973  1333  1334  1335  1336  1337  1338  1339  1340  1341  1342  1343  1344  
1345  1346  1347  1348  1349  1350  1351  1352  1353  1354  1355  1356  948  947  946  945  944  943  942  941  940  939  938  937  936  935  934  933  932  931  930  929  928  927  926  925  1381  1382  1383  1384  1385  1386  1387  1388  1389  1390  1391  1392  
1393  1394  1395  1396  1397  1398  1399  1400  1401  1402  1403  1404  900  899  898  897  896  895  894  893  892  891  890  889  888  887  886  885  884  883  882  881  880  879  878  877  1429  1430  1431  1432  1433  1434  1435  1436  1437  1438  1439  1440  
1441  1442  1443  1444  1445  1446  1447  1448  1449  1450  1451  1452  852  851  850  849  848  847  846  845  844  843  842  841  840  839  838  837  836  835  834  833  832  831  830  829  1477  1478  1479  1480  1481  1482  1483  1484  1485  1486  1487  1488  
1489  1490  1491  1492  1493  1494  1495  1496  1497  1498  1499  1500  804  803  802  801  800  799  798  797  796  795  794  793  792  791  790  789  788  787  786  785  784  783  782  781  1525  1526  1527  1528  1529  1530  1531  1532  1533  1534  1535  1536  
1537  1538  1539  1540  1541  1542  1543  1544  1545  1546  1547  1548  756  755  754  753  752  751  750  749  748  747  746  745  744  743  742  741  740  739  738  737  736  735  734  733  1573  1574  1575  1576  1577  1578  1579  1580  1581  1582  1583  1584  
1585  1586  1587  1588  1589  1590  1591  1592  1593  1594  1595  1596  708  707  706  705  704  703  702  701  700  699  698  697  696  695  694  693  692  691  690  689  688  687  686  685  1621  1622  1623  1624  1625  1626  1627  1628  1629  1630  1631  1632  
1633  1634  1635  1636  1637  1638  1639  1640  1641  1642  1643  1644  660  659  658  657  656  655  654  653  652  651  650  649  648  647  646  645  644  643  642  641  640  639  638  637  1669  1670  1671  1672  1673  1674  1675  1676  1677  1678  1679  1680  
1681  1682  1683  1684  1685  1686  1687  1688  1689  1690  1691  1692  612  611  610  609  608  607  606  605  604  603  602  601  600  599  598  597  596  595  594  593  592  591  590  589  1717  1718  1719  1720  1721  1722  1723  1724  1725  1726  1727  1728  
576  575  574  573  572  571  570  569  568  567  566  565  1741  1742  1743  1744  1745  1746  1747  1748  1749  1750  1751  1752  1753  1754  1755  1756  1757  1758  1759  1760  1761  1762  1763  1764  540  539  538  537  536  535  534  533  532  531  530  529  
528  527  526  525  524  523  522  521  520  519  518  517  1789  1790  1791  1792  1793  1794  1795  1796  1797  1798  1799  1800  1801  1802  1803  1804  1805  1806  1807  1808  1809  1810  1811  1812  492  491  490  489  488  487  486  485  484  483  482  481  
480  479  478  477  476  475  474  473  472  471  470  469  1837  1838  1839  1840  1841  1842  1843  1844  1845  1846  1847  1848  1849  1850  1851  1852  1853  1854  1855  1856  1857  1858  1859  1860  444  443  442  441  440  439  438  437  436  435  434  433  
432  431  430  429  428  427  426  425  424  423  422  421  1885  1886  1887  1888  1889  1890  1891  1892  1893  1894  1895  1896  1897  1898  1899  1900  1901  1902  1903  1904  1905  1906  1907  1908  396  395  394  393  392  391  390  389  388  387  386  385  
384  383  382  381  380  379  378  377  376  375  374  373  1933  1934  1935  1936  1937  1938  1939  1940  1941  1942  1943  1944  1945  1946  1947  1948  1949  1950  1951  1952  1953  1954  1955  1956  348  347  346  345  344  343  342  341  340  339  338  337  
336  335  334  333  332  331  330  329  328  327  326  325  1981  1982  1983  1984  1985  1986  1987  1988  1989  1990  1991  1992  1993  1994  1995  1996  1997  1998  1999  2000  2001  2002  2003  2004  300  299  298  297  296  295  294  293  292  291  290  289  
288  287  286  285  284  283  282  281  280  279  278  277  2029  2030  2031  2032  2033  2034  2035  2036  2037  2038  2039  2040  2041  2042  2043  2044  2045  2046  2047  2048  2049  2050  2051  2052  252  251  250  249  248  247  246  245  244  243  242  241  
240  239  238  237  236  235  234  233  232  231  230  229  2077  2078  2079  2080  2081  2082  2083  2084  2085  2086  2087  2088  2089  2090  2091  2092  2093  2094  2095  2096  2097  2098  2099  2100  204  203  202  201  200  199  198  197  196  195  194  193  
192  191  190  189  188  187  186  185  184  183  182  181  2125  2126  2127  2128  2129  2130  2131  2132  2133  2134  2135  2136  2137  2138  2139  2140  2141  2142  2143  2144  2145  2146  2147  2148  156  155  154  153  152  151  150  149  148  147  146  145  
144  143  142  141  140  139  138  137  136  135  134  133  2173  2174  2175  2176  2177  2178  2179  2180  2181  2182  2183  2184  2185  2186  2187  2188  2189  2190  2191  2192  2193  2194  2195  2196  108  107  106  105  104  103  102  101  100  99  98  97  
96  95  94  93  92  91  90  89  88  87  86  85  2221  2222  2223  2224  2225  2226  2227  2228  2229  2230  2231  2232  2233  2234  2235  2236  2237  2238  2239  2240  2241  2242  2243  2244  60  59  58  57  56  55  54  53  52  51  50  49  
48  47  46  45  44  43  42  41  40  39  38  37  2269  2270  2271  2272  2273  2274  2275  2276  2277  2278  2279  2280  2281  2282  2283  2284  2285  2286  2287  2288  2289  2290  2291  2292  12  11  10  9  8  7  6  5  4  3  2  1  
************************************************************************************************************************************************
